0.766
0.5408
0.7912
0.8104
0.8212
0.8228
0.8232
0.8168
0.8072
0.7952
0.81
0.832
0.8432
0.8528
0.8576
0.86
0.8588
0.856
0.8528
0.8528
0.8528
0.8528
0.8512
0.8492
0.8488
0.8484
0.8484
0.8492
0.8488
0.8488
0.8488
0.8492
0.8504
0.8496
0.8492
0.8504
0.852
0.8516
0.8524
0.8532
0.854
0.8524
0.8524
0.8532
0.8532
0.8532
0.8532
0.852
0.8532
0.854
0.856
0.8576
0.8584
0.8592
0.8592
0.8616
0.8616
0.8608
0.8608
0.8608
0.8624
0.862
0.8612
0.8624
0.8636
0.8636
0.8624
0.8628
0.864
0.8652
0.8656
0.8664
0.8664
0.8668
0.8672
0.8676
0.8688
0.8688
0.868
0.8684
0.8688
0.8696
0.8696
0.8692
0.8692
0.8692
0.8688
0.8692
0.8696
0.87
0.8704
0.87
0.87
0.8704
0.8704
0.87
0.87
0.87
0.87
0.8696
0.8696
